*1000 100
1010 182
1000 1920


*140 330
42(140 -= 98) 317 (330 -= 13)
40 345 100 100

145 350 65 15
151 363
216 363
145 390
*195 406
*195 432

private $db; // 数据库
private $songName; // 曲名
private $imagePath; // 图片路径
private $diffLevel; // 难度等级
private $mapDifficultyRating; // 定数
private $score; // 分数
private $note; // 物量
private $ptt; // 计算定数
private $b30avg; // b30平均数


x 250 y 180

[140,390,640,890,1140,140,390,640,890,1140,140,390,640,890,1140,140,390,640,890,1140,140,390,640,890,1140,140,390,640,890,1140,140,390,640,890,1140,140,390,640,890,1140]
[330,330,330,330,330,510,510,510,510,510,690,690,690,690,690,870,870,870,870,870,1050,1050,1050,1050,1050,1230,1230,1230,1230,1230,1590,1590,1590,1590,1590,1770,1770,1770,1770,1770]

[40,290,540,790,1040,40,290,540,790,1040,40,290,540,790,1040,40,290,540,790,1040,40,290,540,790,1040,40,290,540,790,1040,40,290,540,790,1040,40,290,540,790,1040]
[345,345,345,345,345,525,525,525,525,525,705,705,705,705,705,885,885,885,885,885,1065,1065,1065,1065,1065,1245,1245,1245,1245,1245,1605,1605,1605,1605,1605,1785,1785,1785,1785,1785]

[145,395,645,895,1145,145,395,645,895,1145,145,395,645,895,1145,145,395,645,895,1145,145,395,645,895,1145,145,395,645,895,1145,145,395,645,895,1145,145,395,645,895,1145]
[350,350,350,350,350,530,530,530,530,530,710,710,710,710,710,890,890,890,890,890,1070,1070,1070,1070,1070,1250,1250,1250,1250,1250,1610,1610,1610,1610,1610,1790,1790,1790,1790,1790]

[151,401,651,901,1151,151,401,651,901,1151,151,401,651,901,1151,151,401,651,901,1151,151,401,651,901,1151,151,401,651,901,1151,151,401,651,901,1151,151,401,651,901,1151]
[363,363,363,363,363,543,543,543,543,543,723,723,723,723,723,903,903,903,903,903,1083,1083,1083,1083,1083,1263,1263,1263,1263,1263,1623,1623,1623,1623,1623,1803,1803,1803,1803,1803]

[216,466,716,966,1216,216,466,716,966,1216,216,466,716,966,1216,216,466,716,966,1216,216,466,716,966,1216,216,466,716,966,1216,216,466,716,966,1216,216,466,716,966,1216]
[363,363,363,363,363,543,543,543,543,543,723,723,723,723,723,903,903,903,903,903,1083,1083,1083,1083,1083,1263,1263,1263,1263,1263,1623,1623,1623,1623,1623,1803,1803,1803,1803,1803]

[145,395,645,895,1145,145,395,645,895,1145,145,395,645,895,1145,145,395,645,895,1145,145,395,645,895,1145,145,395,645,895,1145,145,395,645,895,1145,145,395,645,895,1145]
[390,390,390,390,390,570,570,570,570,570,750,750,750,750,750,930,930,930,930,930,1110,1110,1110,1110,1110,1290,1290,1290,1290,1290,1650,1650,1650,1650,1650,1830,1830,1830,1830,1830]

[195,445,695,945,1195,195,445,695,945,1195,195,445,695,945,1195,195,445,695,945,1195,195,445,695,945,1195,195,445,695,945,1195,195,445,695,945,1195,195,445,695,945,1195]
[406,406,406,406,406,586,586,586,586,586,766,766,766,766,766,946,946,946,946,946,1126,1126,1126,1126,1126,1306,1306,1306,1306,1306,1666,1666,1666,1666,1666,1846,1846,1846,1846,1846]

[195,445,695,945,1195,195,445,695,945,1195,195,445,695,945,1195,195,445,695,945,1195,195,445,695,945,1195,195,445,695,945,1195,195,445,695,945,1195,195,445,695,945,1195]
[432,432,432,432,432,612,612,612,612,612,792,792,792,792,792,972,972,972,972,972,1152,1152,1152,1152,1152,1332,1332,1332,1332,1332,1692,1692,1692,1692,1692,1872,1872,1872,1872,1872]